0 0.556719 0.196727 0.014792 0.085213
0 0.620154 0.188579 0.020443 0.073935
0 0.605362 0.186704 0.017599 0.095241
0 0.571161 0.173569 0.015510 0.076398
0 0.415031 0.541963 0.068375 0.174185
0 0.275815 0.568907 0.064849 0.192981
0 0.107346 0.567657 0.111370 0.177944
0 0.364630 0.333319 0.054979 0.142861
0 0.105583 0.343972 0.068375 0.134093
0 0.673378 0.501241 0.060609 0.185463
0 0.805185 0.469287 0.076130 0.181704
0 0.287445 0.215523 0.031724 0.107769
0 0.273349 0.174171 0.021854 0.072676
0 0.323042 0.169157 0.023969 0.082704
0 0.302953 0.181690 0.023260 0.092731
