0 0.299076 0.194222 0.023964 0.077685
0 0.297312 0.573921 0.057094 0.197991
0 0.137656 0.558884 0.098688 0.187972
0 0.384016 0.345852 0.047229 0.135333
0 0.139068 0.359009 0.053573 0.124056
0 0.310003 0.232440 0.026078 0.096491
0 0.324453 0.200486 0.023969 0.092731
0 0.347008 0.189838 0.023964 0.081454
0 0.574349 0.218657 0.019010 0.083963
0 0.589841 0.196731 0.016214 0.075185
0 0.624380 0.209889 0.019031 0.091481
0 0.637422 0.216778 0.023969 0.080204
0 0.429128 0.551991 0.066964 0.189222
0 0.693812 0.535074 0.070490 0.185463
0 0.822453 0.499361 0.072604 0.191722
