0 0.736120 0.394000 0.014427 0.026815
0 0.588826 0.365296 0.009672 0.037593
0 0.595216 0.322750 0.011641 0.039926
0 0.938391 0.861176 0.049990 0.064759
0 0.583732 0.320560 0.008047 0.039639
0 0.627279 0.407681 0.010234 0.045417
0 0.590289 0.469486 0.011328 0.062954
0 0.883263 0.725005 0.042526 0.071306
0 0.809159 0.544616 0.022130 0.059824
0 0.607414 0.488398 0.017016 0.053759
0 0.590427 0.541894 0.015635 0.050769
0 0.694643 0.459866 0.018036 0.044880
0 0.761029 0.499796 0.020672 0.050130
0 0.604633 0.403912 0.008214 0.037880
0 0.621109 0.386134 0.014281 0.041380
0 0.683406 0.412509 0.012313 0.046333
0 0.699961 0.398667 0.014932 0.044296
0 0.716766 0.375648 0.012802 0.043148
0 0.721766 0.417755 0.013625 0.046917
0 0.745208 0.447046 0.019198 0.048963
0 0.778570 0.435681 0.016411 0.046046
