0 0.743104 0.458296 0.017625 0.048093
0 0.586786 0.541833 0.017563 0.054889
0 0.576010 0.610574 0.017021 0.056407
0 0.671063 0.494241 0.014448 0.052370
0 0.441180 0.426005 0.012464 0.040787
0 0.458458 0.448917 0.011896 0.044315
0 0.543578 0.359005 0.007635 0.037731
0 0.556617 0.365319 0.009349 0.034250
0 0.549818 0.408125 0.010479 0.037269
0 0.561148 0.408375 0.006516 0.039787
0 0.586643 0.427769 0.009911 0.044315
0 0.579276 0.485931 0.016146 0.044824
0 0.565680 0.526222 0.010484 0.057907
0 0.651667 0.447171 0.011875 0.047880
0 0.677151 0.402083 0.012469 0.040296
0 0.741172 0.529495 0.021531 0.050361
0 0.794031 0.574838 0.022562 0.065269
