0 0.494089 0.851403 0.062656 0.184491
0 0.327409 0.633838 0.084682 0.160120
0 0.200385 0.573796 0.058740 0.106167
0 0.348703 0.565093 0.057760 0.163611
0 0.379299 0.492431 0.037693 0.173176
0 0.458107 0.531593 0.045526 0.126185
0 0.451255 0.673005 0.042583 0.175787
0 0.651708 0.541162 0.046990 0.131398
0 0.705062 0.609477 0.046990 0.069620
0 0.783625 0.547245 0.036708 0.119213
0 0.280461 0.395588 0.043224 0.132194
0 0.253784 0.387403 0.031422 0.118343
0 0.453023 0.419718 0.021505 0.101565
0 0.527042 0.477634 0.027385 0.086454
0 0.531409 0.426639 0.025255 0.055815
0 0.511437 0.406940 0.023604 0.088509
0 0.531958 0.246880 0.016667 0.076500
0 0.423159 0.328856 0.022214 0.072602
0 0.293690 0.294653 0.029036 0.068824
