0 0.052591 0.837556 0.067672 0.222556
0 0.246495 0.587894 0.053354 0.146194
0 0.291995 0.641412 0.030885 0.173176
0 0.324326 0.661431 0.040630 0.167954
0 0.320898 0.548296 0.026922 0.077444
0 0.434221 0.548731 0.027411 0.095722
0 0.566143 0.473458 0.022026 0.103565
0 0.086802 0.642806 0.068531 0.184926
0 0.341466 0.378250 0.016432 0.066500
0 0.577813 0.421597 0.017229 0.077713
0 0.559102 0.370718 0.018307 0.077472
0 0.510880 0.358694 0.010656 0.028167
0 0.925607 0.775153 0.110807 0.233083
0 0.476568 0.342319 0.006927 0.044861
