0 0.923917 0.776653 0.114188 0.236083
0 0.086086 0.769889 0.072745 0.186463
0 0.083549 0.619509 0.067672 0.141352
0 0.243841 0.591694 0.061745 0.148870
0 0.320539 0.663106 0.047318 0.165343
0 0.317276 0.551792 0.025292 0.080491
0 0.336430 0.555815 0.030224 0.091444
0 0.435576 0.546750 0.026109 0.099426
0 0.567333 0.474194 0.022844 0.103704
0 0.577914 0.420421 0.018578 0.077991
0 0.561109 0.369403 0.017760 0.075046
0 0.513503 0.360676 0.014620 0.031833
0 0.477026 0.341718 0.006698 0.045417
0 0.341849 0.378032 0.015844 0.064602
