0 0.103211 0.530259 0.035172 0.107852
0 0.133544 0.584606 0.033047 0.116676
0 0.170727 0.592787 0.042255 0.145630
0 0.166656 0.491833 0.028458 0.063741
0 0.149047 0.508019 0.029510 0.045926
0 0.133065 0.529648 0.029505 0.052704
0 0.274117 0.462458 0.021474 0.083935
0 0.295677 0.441620 0.017375 0.065574
0 0.342479 0.485926 0.016229 0.090056
0 0.382560 0.480968 0.019672 0.057991
0 0.360758 0.464065 0.017380 0.089463
0 0.325922 0.476014 0.019833 0.089472
0 0.325159 0.431153 0.018714 0.032565
0 0.402776 0.464926 0.014073 0.057074
0 0.424430 0.438574 0.017484 0.040796
0 0.783122 0.589333 0.047224 0.147870
0 0.624268 0.444176 0.017505 0.073093
